version https://git-lfs.github.com/spec/v1
oid sha256:9fb3af4d3552fb1da5b5d2fdb67edecd78eac3c5d8065f7eff9324a3e7f19180
size 33974
