version https://git-lfs.github.com/spec/v1
oid sha256:1b0b9d705c30be97d920ad39041042fbb4c2d1c37d41c4499e00940d7549d8f1
size 10552
