version https://git-lfs.github.com/spec/v1
oid sha256:e9b298956d5880c5448382e3c9abc571bad7efb998e62150af738eee719f12a2
size 17099
