version https://git-lfs.github.com/spec/v1
oid sha256:8d7d8b6cdbd26513de739caf4f9c21eb70965ba29424c68efe9c934716813b40
size 10016
