version https://git-lfs.github.com/spec/v1
oid sha256:d1d891464096b6e23c50771ea8ecb42ff9c6068ccef92d5c8cf7bec4c9464035
size 11131
