version https://git-lfs.github.com/spec/v1
oid sha256:27f23762b9102af76b46d935ca47fe9002fdfeec6a12ce582aa5fa0c09524745
size 16866
