version https://git-lfs.github.com/spec/v1
oid sha256:474d1300b2939a36b3061cd9241d99e74a245c9b73a8e660936c9923bbe71059
size 13273
